14
37
41
54
68
69
69
69
79
81
96
98
117
138
161
161
177
193
193
193
198
209
217
218
222
235
238
238
238
238
238
244
249
251
251
253
253
253
268
270
270
275
276
276
282
283
283
284
286
305
305
306
306
306
308
308
337
337
337
350
360
363
364
364
367
375
379
383
393
402
407
421
423
424
450
455
455
457
457
461
467
472
473
474
474
474
475
475
491
518
527
565
578
582
602
610
641
641
641
668
685
695
698
711
713
715
717
741
741
775
780
797
802
811
811
813
820
829
842
867
886
912
913
920
959
963
969
976
1025
1028
1028
1034
1041
1042
1042
1056
1057
1059
1067
1068
1078
1081
1118
1143
1180
1183
1185
1195
1203
1204
1205
1222
1254
1258
1259
1282
1328
1341
1347
1376
1390
1391
1425
1449
-1